Openness
         GOLDSTD   LIWC     PI     PR     TP
GOLDSTD    1.000  0.037 -0.050 -0.164  0.153
LIWC       0.037  1.000 -0.421  0.148  0.007
PI        -0.050 -0.421  1.000 -0.206 -0.095
PR        -0.164  0.148 -0.206  1.000  0.066
TP         0.153  0.007 -0.095  0.066  1.000

Conscientiousness
         GOLDSTD   LIWC     PI     PR     TP
GOLDSTD    1.000  0.030  0.016  0.194 -0.247
LIWC       0.030  1.000  0.064 -0.220 -0.076
PI         0.016  0.064  1.000 -0.173 -0.485
PR         0.194 -0.220 -0.173  1.000 -0.162
TP        -0.247 -0.076 -0.485 -0.162  1.000

Extraversion
         GOLDSTD   LIWC     PI     PR     TP
GOLDSTD    1.000 -0.265 -0.156  0.039  0.217
LIWC      -0.265  1.000  0.381 -0.315  0.002
PI        -0.156  0.381  1.000 -0.118  0.131
PR         0.039 -0.315 -0.118  1.000 -0.218
TP         0.217  0.002  0.131 -0.218  1.000

Agreeableness
         GOLDSTD   LIWC     PI     PR     TP
GOLDSTD    1.000 -0.233 -0.001 -0.050  0.011
LIWC      -0.233  1.000 -0.020  0.073 -0.053
PI        -0.001 -0.020  1.000 -0.238  0.101
PR        -0.050  0.073 -0.238  1.000  0.172
TP         0.011 -0.053  0.101  0.172  1.000

Neuro
         GOLDSTD   LIWC     PI     PR  TP
GOLDSTD    1.000 -0.009 -0.073  0.112 NaN
LIWC      -0.009  1.000  0.092  0.101 NaN
PI        -0.073  0.092  1.000 -0.128 NaN
PR         0.112  0.101 -0.128  1.000 NaN
TP           NaN    NaN    NaN    NaN NaN