Openness
         GOLDSTD   LIWC     PI     PR     TP
GOLDSTD    1.000 -0.063 -0.050 -0.036  0.016
LIWC      -0.063  1.000 -0.169  0.212  0.055
PI        -0.050 -0.169  1.000 -0.037 -0.195
PR        -0.036  0.212 -0.037  1.000 -0.073
TP         0.016  0.055 -0.195 -0.073  1.000

Conscientiousness
         GOLDSTD   LIWC     PI     PR     TP
GOLDSTD    1.000 -0.057  0.016 -0.028 -0.148
LIWC      -0.057  1.000  0.046 -0.185 -0.006
PI         0.016  0.046  1.000 -0.072 -0.224
PR        -0.028 -0.185 -0.072  1.000 -0.043
TP        -0.148 -0.006 -0.224 -0.043  1.000

Extraversion
         GOLDSTD   LIWC     PI     PR     TP
GOLDSTD    1.000 -0.325 -0.156  0.063 -0.114
LIWC      -0.325  1.000  0.112 -0.025  0.343
PI        -0.156  0.112  1.000  0.191 -0.050
PR         0.063 -0.025  0.191  1.000 -0.175
TP        -0.114  0.343 -0.050 -0.175  1.000

Agreeableness
         GOLDSTD   LIWC     PI     PR     TP
GOLDSTD    1.000 -0.151 -0.001 -0.120  0.150
LIWC      -0.151  1.000 -0.144  0.310 -0.023
PI        -0.001 -0.144  1.000 -0.064 -0.104
PR        -0.120  0.310 -0.064  1.000  0.090
TP         0.150 -0.023 -0.104  0.090  1.000

Neuro
         GOLDSTD   LIWC     PI     PR  TP
GOLDSTD    1.000 -0.090 -0.073  0.142 NaN
LIWC      -0.090  1.000  0.173 -0.175 NaN
PI        -0.073  0.173  1.000 -0.003 NaN
PR         0.142 -0.175 -0.003  1.000 NaN
TP           NaN    NaN    NaN    NaN NaN