Openness
         GOLDSTD   LIWC     PI     PR     TP
GOLDSTD    1.000  0.030 -0.048  0.033 -0.011
LIWC       0.030  1.000 -0.134  0.102  0.052
PI        -0.048 -0.134  1.000 -0.037 -0.183
PR         0.033  0.102 -0.037  1.000 -0.077
TP        -0.011  0.052 -0.183 -0.077  1.000

Conscientiousness
         GOLDSTD   LIWC     PI     PR     TP
GOLDSTD    1.000 -0.056  0.140 -0.125 -0.148
LIWC      -0.056  1.000 -0.003 -0.073 -0.037
PI         0.140 -0.003  1.000 -0.099 -0.232
PR        -0.125 -0.073 -0.099  1.000 -0.027
TP        -0.148 -0.037 -0.232 -0.027  1.000

Extraversion
         GOLDSTD   LIWC     PI     PR     TP
GOLDSTD    1.000 -0.151 -0.200  0.034 -0.137
LIWC      -0.151  1.000  0.213  0.035  0.217
PI        -0.200  0.213  1.000  0.159 -0.000
PR         0.034  0.035  0.159  1.000 -0.082
TP        -0.137  0.217 -0.000 -0.082  1.000

Agreeableness
         GOLDSTD   LIWC     PI     PR     TP
GOLDSTD    1.000  0.134  0.009  0.041  0.131
LIWC       0.134  1.000 -0.148  0.100 -0.100
PI         0.009 -0.148  1.000 -0.092 -0.198
PR         0.041  0.100 -0.092  1.000  0.099
TP         0.131 -0.100 -0.198  0.099  1.000

Neuro
         GOLDSTD   LIWC     PI     PR  TP
GOLDSTD    1.000 -0.048 -0.107  0.083 NaN
LIWC      -0.048  1.000  0.132 -0.035 NaN
PI        -0.107  0.132  1.000 -0.015 NaN
PR         0.083 -0.035 -0.015  1.000 NaN
TP           NaN    NaN    NaN    NaN NaN