Openness
         GOLDSTD   LIWC     PI     PR     TP
GOLDSTD    1.000  0.041 -0.048 -0.042  0.218
LIWC       0.041  1.000 -0.235  0.153 -0.032
PI        -0.048 -0.235  1.000 -0.195 -0.068
PR        -0.042  0.153 -0.195  1.000  0.096
TP         0.218 -0.032 -0.068  0.096  1.000

Conscientiousness
         GOLDSTD   LIWC     PI     PR     TP
GOLDSTD    1.000  0.055  0.140  0.111 -0.169
LIWC       0.055  1.000  0.039 -0.148 -0.029
PI         0.140  0.039  1.000 -0.174 -0.449
PR         0.111 -0.148 -0.174  1.000  0.198
TP        -0.169 -0.029 -0.449  0.198  1.000

Extraversion
         GOLDSTD   LIWC     PI     PR     TP
GOLDSTD    1.000 -0.340 -0.200  0.042  0.292
LIWC      -0.340  1.000  0.307 -0.255 -0.133
PI        -0.200  0.307  1.000 -0.139  0.123
PR         0.042 -0.255 -0.139  1.000 -0.149
TP         0.292 -0.133  0.123 -0.149  1.000

Agreeableness
         GOLDSTD   LIWC     PI     PR     TP
GOLDSTD    1.000 -0.031  0.009 -0.076  0.064
LIWC      -0.031  1.000 -0.004  0.176 -0.002
PI         0.009 -0.004  1.000 -0.265 -0.037
PR        -0.076  0.176 -0.265  1.000  0.171
TP         0.064 -0.002 -0.037  0.171  1.000

Neuro
         GOLDSTD   LIWC     PI     PR  TP
GOLDSTD    1.000 -0.023 -0.107  0.078 NaN
LIWC      -0.023  1.000  0.066  0.237 NaN
PI        -0.107  0.066  1.000 -0.208 NaN
PR         0.078  0.237 -0.208  1.000 NaN
TP           NaN    NaN    NaN    NaN NaN